10
;:0.019231
a:0.269231
b:0.153846
d:0.038462
f:0.096154
h:0.115385
j:0.096154
k:0.096154
l:0.038462
s:0.076923
