14
 :0.105634
a:0.130282
d:0.098592
f:0.119718
h:0.102113
i:0.007042
j:0.091549
k:0.088028
l:0.088028
o:0.007042
p:0.007042
s:0.126761
u:0.007042

:0.021127
