43
 :0.143552
!:0.001217
':0.004866
*:0.002433
,:0.003650
-:0.007299
.:0.021898
A:0.003650
B:0.001217
C:0.001217
D:0.001217
E:0.002433
F:0.001217
I:0.003650
N:0.002433
R:0.001217
S:0.003650
T:0.001217
U:0.001217
a:0.060827
b:0.023114
c:0.019465
d:0.019465
e:0.104623
f:0.012165
g:0.013382
h:0.035280
i:0.059611
k:0.002433
l:0.040146
m:0.018248
n:0.046229
o:0.049878
p:0.024331
r:0.037713
s:0.051095
t:0.090024
u:0.024331
v:0.006083
w:0.004866
x:0.007299
y:0.018248

:0.021898
